[metadata]
addr = 0x71d
size = 0xb8
last_change = 2024-01-18T15:34:16.479982Z

[header]
last_change = 2024-01-18T15:34:16.479982Z
addr = 0x71d

[header.args.1]
offset = 0x1
name = "a2"
size = 0x8
