[metadata]
addr = 0x71d
size = 0xb8
last_change = 2024-01-16T02:46:14.543849Z

[header]
last_change = 2024-01-16T02:46:14.543849Z
addr = 0x71d

[header.args.1]
offset = 0x1
name = "a2"
size = 0x8
