[metadata]
addr = 0x40071d
size = 0xb8
last_change = 2023-06-16T04:15:15.005792Z

[header]
last_change = 2023-06-16T04:15:15.005792Z
name = "main"
addr = 0x40071d
