[metadata]
addr = 0x4006fd
size = 0x20
last_change = 2022-12-20T22:15:06.480995Z

[header]
last_change = 2022-12-20T22:14:42.711697Z
name = "bad_exit"
addr = 0x4006fd
