[metadata]
addr = 0x4007e0
size = 0x89
last_change = 2023-06-16T04:15:14.950241Z

[header]
last_change = 2023-06-16T04:15:14.950241Z
name = "init"
addr = 0x4007e0
