[metadata]
addr = 0x40071d
size = 0xb8
last_change = 2022-12-20T22:19:18.721147Z

[header]
last_change = 2022-12-20T22:19:18.721147Z
name = "main"
addr = 0x40071d
