[metadata]
addr = 0x4005ac
size = 0x17
last_change = 2022-12-20T22:19:34.924716Z

[header]
last_change = 2022-12-20T22:19:34.924716Z
name = "gmon_init"
addr = 0x4005ac
