[metadata]
addr = 0x400870
size = 0x2
last_change = 2023-06-16T04:15:14.978108Z

[header]
last_change = 2023-06-16T04:15:14.978108Z
name = "fini"
addr = 0x400870
