[metadata]
addr = 0x4007e0
size = 0x89
last_change = 2023-06-12T20:28:32.018744Z

[header]
last_change = 2023-06-12T20:28:32.018744Z
name = "init"
addr = 0x4007e0
