[metadata]
addr = 0x400870
size = 0x2
last_change = 2023-06-12T20:28:32.004058Z

[header]
last_change = 2023-06-12T20:28:32.004058Z
name = "fini"
addr = 0x400870
