[metadata]
addr = 0x4007e0
size = 0x89
last_change = 2022-12-20T22:19:18.678390Z

[header]
last_change = 2022-12-20T22:19:18.678390Z
name = "init"
addr = 0x4007e0
