[metadata]
addr = 0x40071d
size = 0xb8
last_change = 2023-06-16T04:15:36.415943Z

[header]
last_change = 2023-06-16T04:15:15.005792Z
name = "main"
addr = 0x40071d

[stack_vars.-0x28]
last_change = 2023-06-16T04:15:36.415943Z
offset = -40
name = "ghidra_user_buff"
type = "char[16]"
size = 0x10
addr = 0x40071d
